53
74
88
300
365
477
532
534
544
754
766
792
847
849
914
1183
1235
1242
1552
1849
1946
1950
2014
2329
2340
2377
2456
2582
2595
2652
2701
2714
2776
2861
2983
3368
3379
3497
3533
3633
3731
3868
3902
3918
3972
3982
4015
4082
4093
4115
4145
4168
4214
4256
4446
4452
4469
4624
4679
4936
5054
5298
5328
5823
5843
6099
6360
6685
6857
7041
7043
7274
7277
7347
7549
7596
7649
7697
7970
8025
8041
8062
8427
8521
8532
8545
8757
8761
8818
8920
9034
9054
9121
9232
9234
9293
9306
9524
9560
9602
9612
9624
9695
9779
9845
9946
9963
9968
10200
10223
10589
10624
10664
10722
10801
10873
10904
10917
10938
11115
11397
11528
11674
11713
11755
11783
12098
12286
12379
12432
12511
12544
12774
12776
12800
12827
12855
12880
12949
13029
13174
13189
13193
13207
13209
13222
13294
13346
13356
13416
13448
13587
13608
13622
13631
13639
13649
13688
13700
13765
13932
14206
14445
14593
14628
14642
15305
15393
15625
15687
15875
15881
15937
15955
16035
16114
16154
16206
16214
16436
16511
16612
16673
17157
17187
17256
17578
17671
17717
17812
17824
17852
18019
18049
18531
18567
18575
18600
18706
18759
18970
19121
19212
19687
19993
20052
20089
20095
20218
20228
20384
20653
20777
20789
20832
20837
20935
20966
21058
21068
21080
21097
21106
21206
21219
21299
21398
21568
21589
21596
21789
21844
21921
21933
21974
22010
22060
22287
22294
22307
22327
22334
22465
22572
22594
22679
22893
22918
23072
23078
23256
23385
23528
23625
23665
23776
23780
23847
24218
24265
24365
24491
24733
24749
24941
25436
25668
25684
25889
26022
26071
26106
26425
26505
26657
26698
26767
26797
26839
26870
26986
27002
27089
27109
27150
27235
27253
27518
27540
27699
27712
27742
27759
27810
27861
28066
28128
28226
28245
28312
28393
28463
28524
28741
28791
28964
29136
29245
29268
29412
29468
29523
29562
30022
30192
30209
30295
30326
30378
30388
30465
30585
30622
30805
30928
30961
30971
31010
31068
31327
31329
31377
31382
31476
31579
31658
31681
31695
31720
31782
31786
31812
31822
31824
31846
31872
31926
32022
32113
32215
32462
32708
32742
32754
32857
32866
32895
32955
32964
32986
33053
33143
33346
33577
33627
33848
33866
33926
33965
34085
34087
34170
34269
34453
34472
34641
34743
34812
34836
34864
34899
35109
35279
35333
35337
35354
35483
35676
35683
35687
35753
35843
35858
35950
35957
36034
36041
36067
36187
36216
36304
36334
36426
36504
36657
37047
37065
37126
37186
37298
37497
37599
37619
37629
37631
37785
37788
37849
37881
37995
38042
38065
38143
38149
38157
38167
38202
38303
38410
38479
38571
38635
38724
38756
38784
38946
38953
38997
39091
39233
39289
39377
39500
39639
39766
39837
39847
39861
39868
39888
39982
39994
40086
40545
40718
40740
40752
40839
40877
41154
41209
41243
41405
41510
41575
41661
41756
41823
41827
41877
42054
42088
42159
42210
42344
42447
42486
42488
42491
42544
42725
42926
43093
43345
43459
43611
43730
43794
43849
44013
44016
44025
44296
44349
44390
44418
44531
44596
44794
44819
44828
44857
44883
44967
45155
45281
45354
45407
45409
45477
45497
45597
45784
45787
45813
45983
46033
46045
46093
46156
46181
46283
46298
46366
46379
46436
46460
46539
46559
46561
46593
46677
46838
46840
46849
46940
47034
47051
47172
47347
47442
47457
47489
47493
47495
47516
48111
48129
48171
48526
48534
48556
48678
49088
49160
49423
49487
49529
49557
49651
49788
49939
50217
50295
50299
50421
50923
50960
51000
51171
51339
51457
51679
51694
52102
52153
52221
52303
52334
52387
52417
52431
52443
52464
52468
52606
52884
52892
52917
52946
52971
53029
53063
53119
53142
53146
53217
53245
53257
53295
53314
53347
53359
53514
53566
53580
53725
53759
53767
53926
54145
54215
54228
54254
54439
54475
54633
54706
54785
54793
54809
54822
54883
54946
54990
55301
55353
55557
55668
55767
55821
56029
56242
56351
56425
56474
56515
56540
56687
56719
56849
56866
57025
57120
57262
57390
57467
57486
57551
57576
57630
57644
57714
57761
57841
57862
57959
57986
58021
58080
58094
58126
58322
58391
58530
58571
58678
58699
58767
58771
58839
58963
59165
59207
59313
59360
59373
59416
59565
59623
59680
59718
59753
59773
59788
59815
59896
60054
60065
60072
60126
60346
60349
60440
60789
60863
60872
60874
61058
61135
61148
61213
61250
61329
61336
61447
61590
61638
61704
61794
61883
61889
62127
62231
62235
62244
62296
62533
62931
63200
63304
63308
63677
63709
63781
63794
63801
63851
63910
64027
64059
64190
64219
64279
64559
64690
64699
64953
65024
65077
65089
65091
65093
65140
65747
65777
65931
65938
65965
65980
66140
66500
66546
66563
66665
66713
66811
66817
66903
67038
67113
67185
67253
67415
67417
67433
67673
67721
67967
68041
68158
68186
68211
68421
68449
68604
68664
68670
69031
69117
69265
69363
69523
69585
69741
69829
69930
69951
69964
69970
69988
70115
70217
70422
70540
70553
70630
70663
70713
70795
70941
71051
71111
71147
71173
71250
71309
71409
71575
71797
71827
72015
72193
72248
72264
72478
72579
72892
72928
72937
73004
73088
73108
73127
73256
73333
73365
73487
73522
73868
73929
74124
74642
74787
74861
75233
75236
75238
75343
75398
75401
75454
75498
75538
75566
75586
75619
75641
75656
75789
75927
75985
75993
76027
76039
76244
76250
76318
76384
76447
76551
76812
76900
76982
77051
77180
77198
77202
77311
77358
77748
77971
78131
78239
78406
78525
78535
78763
78768
78854
78878
78891
78932
78964
78971
78981
79054
79060
79152
79160
79446
79522
80157
80256
80401
80416
80554
80626
80643
80645
80683
80807
81082
81250
81375
81433
81437
81543
81554
81636
81647
81786
81811
81826
82199
82233
82319
82454
82640
82707
82720
82744
82844
83045
83318
83442
83505
83623
83666
83668
83768
83776
83794
83800
83826
83948
84140
84360
84528
84541
84786
85027
85065
85120
85231
85248
85262
85265
85327
85338
85582
85618
85678
85692
85755
85830
85874
86042
86055
86111
86123
86150
86232
86330
86352
86361
86387
86423
86499
86518
86537
86577
86637
86749
86910
86921
86966
86981
87086
87152
87241
87432
87448
87466
87518
87568
87598
87663
87685
87743
87779
87888
87999
88194
88594
88738
88752
89088
89103
89163
89260
89289
89510
89525
89530
89605
89645
89756
90289
90314
90454
90864
90872
91028
91178
91343
91414
91477
91544
91580
91677
91688
91707
91736
91863
91970
92063
92472
92547
92574
92591
92601
92636
92652
92694
92849
93078
93096
93173
93177
93190
93274
93615
93697
93715
93773
93783
93802
93940
94023
94180
94247
94465
94677
94705
94716
94794
94847
94861
94891
94917
94940
95074
95209
95213
95242
95256
95323
95326
95457
95579
95607
95632
95700
95868
95887
95896
95945
96091
96184
96227
96287
96326
96548
96550
96605
96608
96728
96755
96810
97185
97202
97257
97271
97327
97330
97519
97616
97860
98156
98356
98545
98547
98685
99023
99032
99053
99059
99076
99131
99136
99396
99501
99510
99908
100039
100137
100261
100426
100483
100500
100638
100694
101002
101337
101378
101548
101623
101766
101849
101953
101963
102012
102095
102264
102273
102354
102442
102464
102594
102650
102667
102686
102743
102762
102915
102954
103091
103118
103156
103162
103196
103202
103288
103301
103399
103448
103648
103876
103890
103977
103997
104075
104093
104125
104177
104209
104309
104356
104420
104436
104438
104452
104460
104751
104776
104798
104838
104840
104852
104856
104936
105071
105158
105168
105198
105714
105899
105911
106141
106181
106256
106322
106419
106653
106734
106737
106834
106917
107085
107457
107475
107537
107635
107694
107733
107776
107839
107867
108016
108175
108178
108344
108390
108417
108476
108558
108739
108825
109001
109195
109518
109772
109826
109865
109969
110163
110336
110420
110501
110512
110917
111040
111054
111132
111137
111152
111584
111632
111674
111702
111717
111806
111941
112048
112168
112192
112275
112410
112455
112479
112498
112503
112522
112872
113170
113334
113637
113740
113755
114333
114369
114412
114453
114548
114574
114648
114766
114788
114847
114972
115265
115409
115541
115640
115646
115691
115859
115913
116033
116161
116207
116292
116377
116600
117025
117091
117412
117429
117446
117467
117537
117638
117746
117759
117839
117842
117889
118143
118317
118549
118616
118654
118915
118973
119016
119244
119259
119329
119346
119426
119499
119700
119713
119812
119846
120092
120109
120136
120326
120396
120444
120501
120542
120579
120654
120728
120955
121068
121149
121259
121275
121307
121309
121424
121433
121522
121558
121702
121806
121809
121920
121959
121968
122033
122058
122092
122135
122178
122391
122414
122666
122703
122815
122912
122931
122956
122976
123050
123198
123341
123393
123440
123792
123968
124000
124213
124348
124480
124482
124506
124564
124578
124637
125011
125029
125253
125962
125987
126175
126325
126366
126398
126414
126555
126700
127121
127241
127280
127303
127322
127393
127432
127537
127594
127642
127860
127890
128315
128519
128739
129088
129104
129127
129148
129176
129380
129484
129520
129545
129605
129834
129844
130055
130221
130225
130271
130276
130688
130701
130877
130894
130955
131004
131045
131097
131111
131218
131326
131347
131369
131417
131644
131979
131987
131998
132187
132276
132523
132582
132659
132762
132833
132859
132911
132971
133214
133333
133385
133415
133490
133755
133829
134080
134095
134206
134359
134417
134616
134626
134736
134819
134985
135240
135311
135483
135489
135523
135722
135908
136077
136149
136231
136354
136372
136467
136591
136597
136785
136803
136846
136854
136909
136951
136998
137000
137004
137017
137020
137054
137159
137223
137285
137310
137348
137352
137355
137450
137457
137493
137655
137753
137815
137864
137896
137901
137926
137958
137964
138061
138189
138194
138300
138383
138393
138412
138457
138459
138473
139308
139404
139902
139946
139959
140034
140098
140113
140294
140552
140595
140635
140730
140764
140900
140942
140994
141053
141104
141218
141221
141398
141407
141575
141615
141790
141826
141828
141852
142040
142319
142431
142501
142559
142677
142796
142999
143182
143222
143263
143279
143340
143615
143645
143980
143985
144015
144037
144092
144125
144249
144410
144455
144528
144555
144646
144654
144665
144676
144792
144847
144879
144919
145198
145345
145439
145533
145541
145707
145831
145881
146014
146199
146372
146726
146883
147319
147486
147490
147528
147622
147628
147682
147800
147968
148084
148240
148405
148407
148471
148541
148570
148851
148990
149000
149045
149061
149155
149157
149172
149491
149523
149697
149710
149732
149764
149957
150601
150800
150825
150837
150864
151024
151319
151348
151397
151503
151662
151705
151895
151970
152100
152151
152320
152343
152399
152579
152655
152844
152858
152893
152909
152990
153011
153013
153055
153121
153167
153202
153245
153293
153335
153363
153415
153431
153446
153459
153477
153527
153552
153652
153785
153833
153855
153895
153959
153999
154052
154207
154265
154278
154309
154605
154787
154937
154971
155077
155217
155404
155408
155458
155500
155526
155602
155677
155877
155901
156052
156471
156562
156577
156884
156898
157117
157563
157632
157794
157977
158054
158291
158299
158324
158611
158622
158740
158751
159003
159025
159089
159094
159361
159473
159705
159715
159725
159742
160059
160071
160077
160135
160143
160152
160166
160174
160269
160580
160603
160633
160656
160696
160709
160743
160991
161022
161051
161074
161080
161122
161200
161341
161479
161551
161797
162109
162115
162231
162290
162384
162458
162511
162867
163012
163061
163137
163145
163166
163252
163567
163726
164136
164260
164681
164793
164824
165125
165204
165217
165225
165227
165459
165497
165552
165595
165692
165733
166061
166155
166207
166566
166571
166577
166774
166806
166812
166871
166886
167005
167056
167061
167159
167251
167542
167572
167577
167648
167716
167759
167819
167909
168163
168359
168499
168522
168560
168570
168826
169177
169266
169345
169359
169449
169601
169688
169936
169968
170036
170048
170131
170204
170400
170748
170763
170803
170809
170873
170962
170993
170997
171019
171032
171071
171222
171689
171697
171704
172683
172716
172759
172776
172786
172873
172880
172970
172988
173107
173312
173360
173423
173522
173529
173690
173703
173724
173761
173766
174034
174089
174202
174340
174355
174410
174923
175056
175184
175338
175637
175676
175874
175990
176053
176223
176303
176662
176665
176686
176896
176904
176940
177013
177017
177070
177077
177149
177342
177375
177488
177573
177864
178416
178459
178486
178557
178618
178840
179099
179115
179220
179284
179349
179538
179723
179789
180408
180419
180775
180790
180816
180827
180999
181119
181277
181301
181333
181410
181718
181896
182119
182223
182277
182356
182365
182419
182424
182700
182796
182816
182839
182960
183204
183379
183515
183646
183695
183708
183959
184019
184182
184276
184284
184304
184536
184542
184549
184610
184743
185186
185275
185321
185330
185418
185453
185626
185953
185990
186220
186226
186706
186886
186913
187059
187142
187315
187403
187507
187721
187810
187814
187970
188070
188097
188127
188167
188312
188322
188387
188404
188504
188575
188826
188841
188950
188969
189055
189112
189161
189261
189299
189301
189460
189492
189622
189706
189728
189783
189800
190091
190201
190230
190653
191086
191186
191414
191430
191649
191723
191728
191765
191940
192027
192252
192285
192537
192603
192802
192865
192921
192923
193184
193261
193264
193271
193441
193579
193764
193961
194163
194324
194350
194457
194762
194813
194906
194958
195071
195248
195265
195326
195332
195368
195711
195971
196025
196102
196485
196570
196930
196995
197037
197081
197129
197168
197287
197396
197638
198536
198563
198717
198798
198821
198874
198978
199005
199038
199356
199429
199977
200013
200051
200084
200093
200096
200104
200106
200147
200189
200300
200502
200526
201074
201177
201446
201459
201605
201718
201990
202156
202195
202434
202452
202590
202658
202812
202819
202881
202887
202937
203010
203171
203199
203213
203226
203259
203262
203307
203376
203407
203567
203666
203733
204109
204129
204159
204282
204362
204536
204638
204790
205051
205101
205103
205165
205321
205456
205500
206011
206263
206300
206319
206369
206699
206847
206852
206942
207001
207067
207116
207192
207332
207424
207775
207782
207816
207872
208160
208277
208357
208394
208421
208433
208669
208917
208923
209253
209446
209454
209461
209469
209509
209523
209660
209749
209755
209945
210181
210234
210298
210449
210532
210664
210752
210844
210878
210915
211117
211327
211441
211450
211569
211625
211798
211805
211980
212016
212110
212210
212298
212306
212437
212464
212722
213124
213189
213324
213362
213663
213823
213888
214164
214174
214176
214212
214214
214345
214400
214548
214564
214671
214824
215005
215220
215596
215700
215993
216127
216570
216574
216595
216733
216753
216811
216883
217164
217311
217345
217373
217419
217510
217544
217554
217620
217814
217968
218343
218473
218516
218560
218637
218701
218813
218853
218985
218989
219037
219130
219283
219406
219438
219537
219603
219941
220369
220450
220494
220581
220626
220784
220855
221056
221212
221315
221733
221851
221890
221952
221997
222437
222467
222763
222817
222821
223202
223407
223972
224127
224169
224283
224485
224644
224801
224807
224818
225200
225299
225458
225485
225510
225517
225574
226387
226547
226677
226776
226803
226823
226874
227140
227365
227414
227466
227482
227800
228032
228272
228437
228794
229135
229152
229452
229593
229799
230050
230072
230242
230308
230466
230519
230682
230758
230928
231066
231479
231563
231572
231705
231813
231821
231891
232244
232279
232591
232624
232691
232774
232861
233346
233486
233726
233989
234128
234227
234483
234581
234769
234930
234935
235012
235055
235075
235310
235346
235434
235497
235546
235618
235852
235983
236218
236250
236270
236508
236554
236769
236821
236850
236889
237157
237458
237508
237555
237567
237583
237623
237802
238005
238135
238464
238516
238615
238649
238665
238694
238711
238747
238751
238770
238821
239020
239116
239247
239281
239385
239700
239708
239765
239776
240571
240861
241014
241454
241475
241556
241612
241643
241669
241696
241749
241781
241910
242099
242168
242232
242332
242674
242781
242891
242906
242932
242940
243001
243038
243178
243268
243375
243396
243652
243736
243893
243905
244327
244335
244350
244375
244487
244495
244520
244617
244753
244777
245012
245380
245394
245420
245680
245861
245921
245930
246286
246398
246912
246933
246954
247101
247198
247260
247738
248083
248212
248308
248410
248575
248623
248844
248877
248887
248924
249044
249313
249341
249386
249430
249478
249482
249715
249816
249889
250239
250423
250639
250999
251461
251634
251990
252169
252311
252346
252367
252371
252483
252489
252726
253062
253236
253415
253496
253555
253897
253899
253914
253978
254009
254204
254262
254426
254501
254563
254803
254917
255074
255363
255451
255789
255831
255864
255901
256075
256095
256246
256517
256651
256697
256895
256930
256987
257026
257477
257705
257819
257947
258003
258187
258263
258321
258662
258719
258730
258878
259158
259209
259412
259418
259733
259849
259974
260164
260297
260479
260746
260779
260976
261101
261139
261153
261223
261301
261848
262041
262091
262181
262212
262295
262377
262451
262529
262581
262799
262821
262981
263203
263410
263512
263522
263911
264005
264091
264203
264217
264237
264384
264410
264612
264790
265423
265476
265652
265702
266032
266135
266181
266319
266539
266593
266657
266832
267086
267151
267281
267365
267377
267388
267434
267550
267599
267961
268012
268034
268059
268137
268326
268383
268469
268492
268710
268761
268775
268778
269007
269118
269224
269239
269457
269538
269588
269600
269662
269715
269747
269933
269995
269997
270016
270332
270420
270459
270596
270692
270814
271025
271054
271121
271125
271301
271349
271361
271365
271521
271593
271740
272001
272118
272606
272696
272863
273438
273606
273611
273744
273994
274169
274394
274465
274611
274618
274646
274672
274937
275066
275134
275370
275430
275463
275617
275729
275744
275972
275984
276048
276134
276190
276312
276409
276506
276538
276545
276564
276588
276773
277096
277099
277160
277251
277331
277536
277641
277654
278232
278387
278535
278728
278730
278782
278827
278898
279066
279216
279294
279368
279398
279408
279531
279562
279732
280026
280143
280391
280527
280607
280755
280841
280844
281165
281546
281565
282020
282046
282139
282421
282484
282491
282517
282648
282977
283115
283132
283224
283308
283334
283414
283911
284154
284255
284757
284779
284899
285057
285132
285241
285288
285697
285818
285990
286088
286143
286262
286378
286956
287282
287409
287503
287514
287708
287850
288071
288145
288203
288242
288257
288496
288540
288584
288940
289018
289062
289124
289806
289972
290030
290047
290264
290273
290358
290682
290788
291167
291449
291490
291821
292171
292217
292651
292777
292801
292919
293163
293231
293284
293389
293409
293701
293808
293860
293875
294022
294283
294306
294323
294411
294563
294596
294649
294726
295067
295073
295287
295388
295712
296037
296186
296300
296541
297286
297363
297796
297875
297961
298012
298236
298238
298256
298284
298327
298719
298825
298977
299015
299057
299102
299220
299271
299472
299483
299602
299654
299658
299818
301140
301181
301655
301702
301726
301815
301851
302553
302689
302694
302722
302812
302909
303378
303682
304381
304393
304576
304660
304774
305006
305069
305251
305274
305407
305465
305534
305782
305798
306239
306302
306783
306892
306951
307107
307121
307317
307483
307489
307540
307666
307703
307732
307997
308231
308273
308303
308309
308407
308531
308535
308557
308635
308646
308718
308825
308898
309033
309115
309263
309267
309458
309622
309632
309766
309806
310147
310156
310172
310244
310296
310323
310370
310382
310437
310782
310843
310889
310921
311074
311330
311384
311476
311542
311945
312195
312344
312447
312556
312740
313117
313523
313786
313797
314030
314141
314282
314370
314725
314863
315015
315033
315135
315143
315223
315250
315366
315526
315915
316264
316336
316369
316488
316504
316507
316599
316797
316804
316962
317085
317093
317137
317164
317251
317356
317365
317424
317533
317837
317968
318202
318376
318692
318890
318900
318907
319050
319073
319184
319222
319573
319591
319597
319651
319828
319898
320060
320086
320202
320680
320699
320734
320741
320771
320906
321029
321080
321212
321711
321814
321873
321956
321960
322092
322189
322199
322282
322448
322738
322885
323078
323296
323373
323492
323540
323560
323651
324112
324205
324258
324432
324492
324643
324771
324995
325068
325078
325137
325521
325546
325882
325984
326326
326517
326908
326918
327265
327291
327408
327512
327561
327603
327638
327712
327749
327758
327870
328016
328173
328280
328520
328542
328575
328722
328763
328788
329099
329339
329349
329527
329579
329625
329651
329928
330177
330231
330465
330645
330682
330765
330768
330947
331288
331462
331474
331687
331804
331967
332073
332425
332649
332710
332778
332872
332893
332912
333006
333118
333211
333437
333784
334127
334397
334499
334515
334685
334714
334730
334791
334911
335075
335157
335219
335247
335466
335490
335657
335725
336067
336207
336321
336333
336569
336765
336909
337311
337410
337412
337563
337800
337803
337822
337835
338043
338400
338456
338539
338713
338770
338923
339016
339055
339057
339069
339081
339349
339499
339626
339941
340105
340193
340299
340463
340501
340629
340648
341071
341124
341504
341907
341912
342058
342244
342365
342638
342706
342891
343191
343253
343353
343368
343491
343660
343788
343893
344015
344076
344098
344175
344682
345451
345516
345637
345704
345738
345854
345925
346250
346293
346340
346393
346492
346717
347007
347159
347253
347351
347592
348066
348178
348362
348431
348759
348867
348899
348934
348960
348976
349100
349506
349822
349897
350389
350423
350523
350633
350683
350690
350874
351167
351188
351191
351321
351544
351846
352036
352045
352505
352574
352621
352837
352985
353151
353386
353675
353791
353854
354151
354576
354608
354640
354826
355002
355185
355227
355477
355548
355666
355758
355817
355879
355975
356073
356116
356827
356830
357021
357045
357212
357383
357447
357492
357689
357995
358011
358040
358243
358258
358282
358376
358527
358694
358828
358910
359061
359327
359368
359386
359397
359478
359720
359768
359841
359860
359949
359991
360044
360071
360221
360500
360865
361128
361262
361476
361739
361815
362283
362435
362765
363763
364116
364152
364336
364557
364675
364830
364868
364886
365269
365412
365501
365691
365757
366052
366243
366537
366556
367183
367321
367400
367433
367480
367490
367511
367635
367825
367990
367992
368178
368180
368268
368315
368428
368660
368715
368765
368775
368969
368995
369270
370123
370194
370424
370457
370831
370884
370945
371096
371265
371287
371845
371971
372075
372115
372229
372276
372561
372577
372645
372790
372793
372806
373466
373475
373627
373953
374037
374360
374383
374649
374730
374770
375155
375296
375555
375564
375852
375863
376066
376097
376195
376262
376272
376569
376777
377302
377405
377510
377651
377727
378139
378659
378698
378809
378848
378953
378981
379028
379277
379509
379556
380133
380173
380386
380397
380459
380569
380703
380952
381015
381289
381582
381721
381759
381855
381874
382552
382682
383190
383290
383292
383493
383494
383653
383867
384132
384380
384584
384590
384748
384783
384817
385099
385210
385268
385569
385897
386116
386147
386297
386378
386486
386644
386728
386783
386823
386994
387082
387127
387323
387379
387403
387442
387448
387459
387474
387706
388067
388391
388515
388645
389003
389230
389327
389424
389687
389775
389861
390258
390414
390472
390639
390686
390728
390754
390777
390865
391177
391808
391814
391909
391931
392016
392198
392207
392239
392531
392561
393256
393316
393332
393479
393496
393505
393606
393744
393910
394022
394095
394685
394692
394695
394706
394714
394723
395101
395567
395805
395811
395815
396268
396278
396822
396957
397059
397081
397415
397432
397544
397551
397580
397666
397688
397699
397714
398122
398163
398598
398710
398743
398940
399286
399822
400076
400449
400579
400595
400652
401119
401326
401428
401687
401710
401727
401746
401784
401884
401919
402196
402286
402437
402548
402648
402813
402870
403017
403098
403380
403608
403618
403714
403966
404071
404151
404220
404327
404710
404795
404805
404928
405211
405477
405867
405914
405970
406002
406820
406890
407159
407363
407450
407810
408618
408674
408817
408947
409104
409152
409346
409385
409539
409614
409827
409955
410071
410094
410157
410260
410368
410477
410562
410574
410837
410856
410892
411086
411138
411251
411306
411355
411419
411764
411796
411846
411917
412137
412357
412373
412401
412494
412798
413100
413193
413492
413512
413571
413606
413636
413662
414334
414766
415098
415472
415724
415885
416112
416435
416593
416748
416775
416816
416845
416944
417157
417982
418258
418440
418446
418595
418615
418772
418784
418882
419110
419397
419464
419856
420012
420054
420069
420446
420567
420624
421285
421344
421550
421975
422116
422130
422298
422426
422549
422621
422650
422657
422746
422811
422913
422980
423494
423513
423829
423881
423936
424022
424056
424479
424566
424906
425087
425106
425485
425505
425628
426093
426105
426344
426551
426618
426928
427039
427237
427476
427674
427773
427918
427947
428137
428194
428564
428657
428787
429175
429725
429755
429865
430205
430423
430655
430873
431068
431150
431156
431172
431304
431560
432266
432603
432773
432783
432862
432870
432976
433014
433599
433686
434129
434157
434239
434377
434521
434641
434665
434736
434972
435223
435357
435653
435937
436002
436042
436348
436714
437065
437177
437184
437383
437623
437679
437738
437842
437942
438047
438533
438539
438550
438587
438744
438756
438952
439387
439399
439441
439449
439562
439584
439609
439632
440511
440592
441015
441520
441619
441970
441983
442016
442020
442082
442449
442717
442805
443388
443466
443597
443972
443995
444104
444446
444457
444547
444582
444584
444627
445027
445052
445127
445340
445445
445847
445956
445993
446033
446165
446216
446908
446942
447110
447558
447572
447622
447671
447708
447869
447965
448141
448147
448469
448718
448916
449444
449506
449520
449566
449731
450355
450560
450846
450919
451091
451200
451281
451504
451558
451887
452237
452306
452444
452639
452804
452957
453028
453193
453202
453609
454032
454314
454391
454557
454685
455931
455933
455994
456152
456540
456878
456892
457116
457156
457242
457343
457688
457733
457864
457902
458013
458029
458661
458767
458938
459088
459141
459652
459665
459994
460274
460900
460929
461121
461456
461590
461655
461870
461906
461936
462017
462074
462283
462425
462549
462654
462918
463118
463372
463555
463760
464185
464378
464621
464633
464746
464927
465027
465068
465110
465513
466001
466256
466819
467064
467422
467672
467877
468083
468229
468334
468489
468616
468619
468653
468850
468869
469095
469124
469434
469718
469955
470043
470068
470354
470356
470557
470568
470878
470950
470968
471272
471523
471834
471886
472371
472629
472799
473075
473256
473579
473688
474590
474829
474936
475399
475420
475493
475585
475707
475764
475872
476097
476245
476946
477173
477672
477820
477825
478014
478108
478609
478612
478635
478642
478993
479359
479576
479671
479750
480333
480473
480535
480609
480757
480966
481094
481256
481279
481448
481524
481668
481818
482097
482141
482289
482412
482567
482587
482699
483400
483605
484971
485517
485764
485819
486175
486272
486717
486799
487009
487317
487320
487546
487641
487777
487981
488283
488428
488440
488857
489389
489476
490133
490508
490516
490798
490895
490998
491222
492149
492296
492382
492618
492674
492821
493222
493232
493321
493392
493682
493988
494196
494346
494552
494727
494802
494868
494920
495207
495352
495356
495428
495692
496087
496394
496456
496663
496695
496988
497098
497122
497270
497927
498098
498281
498662
498720
498753
499741
499893
499961
500064
500142
500244
500370
500407
500418
500421
500747
500757
501060
501338
501395
501475
501850
501902
502198
502308
502583
502605
502688
502725
503690
503789
503832
504112
504539
504586
504808
505341
505514
506952
508385
508470
508486
508672
509074
509347
509501
509544
509705
509782
509799
509815
510105
510236
510730
510768
510843
511322
511327
511355
511445
511670
511922
511973
512077
512258
512331
512422
512789
513141
513193
513255
513268
513290
513478
513551
514460
514489
514610
514616
514969
515232
515504
515618
515778
515976
516001
516132
516392
516511
516764
516807
516982
517189
517640
517696
518096
518242
518616
518622
519410
519464
519957
520016
520417
520421
520610
520628
520867
521317
521441
521516
521611
522366
522570
522928
523372
523543
523568
523767
524464
524739
524804
524830
525006
525295
525589
525728
525934
526564
526772
526956
527129
527407
528403
528561
528575
528669
528807
528848
529422
529434
529477
529549
529834
529839
530771
530783
530789
531053
531088
531443
531569
531810
532116
532586
532742
532888
533271
533365
533368
533450
534203
534640
535313
535679
535934
536045
536087
536091
536174
536424
536571
536584
537117
537608
537892
537898
538359
538736
538773
539351
539630
540013
540058
540090
540787
540942
540953
541009
541486
541745
542141
542852
543058
543194
543507
543565
543662
545293
545343
545465
545569
546149
546466
546595
546684
546838
546940
547042
547181
547238
547301
547766
547803
547879
548190
548353
549615
549673
549843
550098
550101
550794
551434
551505
551761
552199
552452
552850
553078
553248
553328
553371
553568
553983
554065
554181
554558
554650
555039
555141
555525
555826
555983
556208
556402
556594
556671
556900
556901
557746
557770
557869
558147
558363
558664
559049
559345
559572
559679
559718
559787
560104
560204
560816
560829
560910
560941
561043
561180
561361
561385
561476
561872
562513
562912
562945
563208
563583
563621
563822
564627
564965
564976
565243
565315
565333
565415
565438
565593
565676
565827
566466
566468
566564
566939
567031
567363
568110
568237
568243
568257
568559
568730
568824
568993
569011
569049
569092
569486
569663
569904
569991
570032
570213
570695
570890
570896
570968
571501
571643
571846
571919
572419
572496
572798
572820
572992
573223
573570
573686
574136
574149
574407
574762
575631
576336
576677
576903
576930
576982
577211
577417
577583
577591
577741
577785
578148
578160
578177
578336
579304
579380
579467
579665
579683
579722
580431
580585
580655
580683
580692
580703
580996
581119
581501
581671
581736
582051
582171
582224
582521
582533
582924
583470
583636
583927
584108
584124
584271
584433
585199
585382
585737
585755
586899
587185
587462
587575
588533
588586
588689
589085
589221
589228
589502
589510
589565
589737
589924
590134
590352
590452
590657
591957
592011
592923
593137
593411
593497
593697
593811
593833
594996
595382
595422
595478
595752
595769
595957
596175
596410
596781
597068
597108
597145
597207
598263
598521
598559
598710
598811
599224
599302
599442
599956
600147
601132
601268
601677
601768
601814
602072
602253
602363
602490
602799
602996
603128
603299
603895
604260
605066
605395
605520
605991
606012
606058
606349
606363
606581
606869
606882
607089
607094
607478
608167
608517
608526
608636
608699
608907
608957
609096
609976
610080
610671
610797
610983
611244
611348
611864
612140
612177
613190
613814
614302
614429
614433
614466
614820
615646
615719
616048
616189
616994
617493
617674
617951
617993
618127
618330
618694
619417
619540
619578
619585
620146
620479
620625
620695
620820
621275
621736
621973
622004
622233
622892
623302
624237
624587
624946
624975
625541
625726
625973
626021
626058
626434
626643
627398
627618
628054
628474
629683
630450
631179
631203
631229
631501
631688
631761
631856
631927
631990
632111
632324
633105
633520
634852
634962
635043
635199
635277
635326
635506
635914
635929
636094
636346
636483
636562
636914
636928
637822
638087
638957
639297
639356
639620
639633
640091
640126
640769
640899
640906
641360
641563
642041
642449
642463
642482
642638
642641
642778
642785
643096
643216
643322
643664
643970
644009
644044
644483
644601
644982
645209
646010
646507
646566
646721
646742
647100
647262
647312
647675
647755
648128
648641
648717
648973
649080
649096
649279
649950
650085
650598
651001
651374
652647
652858
653043
653093
653287
653349
653566
653951
654193
654462
654910
655164
655246
655273
655490
655719
656271
656415
656472
657051
657259
657747
658044
658698
658892
659026
659234
660025
660336
660421
660663
660718
660872
661051
661080
661136
661850
661973
662067
662276
662704
662978
663540
663564
663661
664213
664316
664563
665436
665739
666173
666301
666338
666484
666879
667437
668181
668207
668500
668683
668710
668895
669361
670426
670641
670786
670878
671922
672892
673003
673201
673314
674341
674365
674541
674585
674789
675043
675378
675512
675546
675738
675786
675799
676049
676811
677514
677686
677966
678584
678732
679055
679076
679319
679483
680531
680892
681352
681456
681675
681787
681824
681887
681960
681969
682744
682830
682894
683259
683544
683936
684373
684499
684561
684867
685058
685332
685650
685755
685819
686465
686683
688300
689226
689495
689825
690086
690120
690434
690734
690814
690973
691261
692162
692925
693023
693371
693833
694255
694613
695075
695160
695615
695897
695906
696156
696175
696185
696358
696477
697058
697452
697587
697717
697734
698121
698497
699105
699434
699523
699570
700174
700438
700603
700634
700842
700997
701280
701848
701917
702201
702372
702522
702834
704125
704211
704329
704602
704840
705038
705567
705589
705925
706086
706130
706208
706851
707043
707119
707295
707394
707977
708346
708436
708740
708845
709291
710007
710264
710378
710518
710585
712172
712211
712310
712353
712391
712600
713050
713264
713340
713526
714618
714654
714703
715219
715546
715669
715704
715724
715766
716230
716794
716809
716923
717707
717721
717735
718136
718256
718514
718630
719102
719808
720180
720202
720253
720288
720334
720766
721007
721258
721476
722146
722538
722801
722875
722877
722969
723260
723389
723633
723826
723964
724110
724317
724782
726197
726470
726681
726890
727073
727261
727458
727468
728010
728083
728279
728340
728548
728704
729843
730794
731454
731463
731820
731846
733059
733209
733557
733745
734554
734942
735107
735206
735838
735939
736120
737220
737307
737329
737459
738371
738768
739463
739711
739725
739923
740522
740554
740781
741276
741599
742004
742066
742428
742463
742481
743078
743162
744226
744339
744530
745356
745387
745459
745609
745698
745897
746299
746466
746537
747259
747686
748022
748658
748933
749012
749181
749549
749561
749860
749962
750572
750729
751267
751393
752097
752276
752491
753453
753848
754168
754398
754883
755198
755215
755637
755855
756256
756657
756815
757860
758155
758420
758794
759213
759228
759556
759870
759907
760766
760775
761041
761068
761112
761235
761326
761419
761908
761968
762404
762646
763298
763670
763876
764205
764893
765252
765307
766024
766343
766645
767937
768025
768053
768104
768227
768561
768686
768885
768921
768942
769002
769145
770270
770461
770841
771448
771819
772436
772695
772808
772850
773553
773678
774314
774716
774731
775086
775121
775745
776696
776732
776758
777244
777291
777588
778735
778778
778805
779632
781637
782014
782032
782119
782228
783431
783724
784517
784708
785056
785063
785204
786176
786367
786582
787841
787951
788088
788114
788349
788459
788572
789377
789487
790028
790146
790529
791934
792115
792149
793003
793324
793332
794152
795123
795421
795864
796036
797050
798123
798235
798722
799146
800054
800314
800535
800582
801632
801722
802235
802385
802877
802912
803214
803227
804593
804942
805623
806044
806275
806497
807026
807622
808000
809056
809153
809211
809366
809389
809421
809446
809671
809951
810008
810536
810610
810615
811391
811856
811875
812754
812907
813017
813406
813927
814189
814272
814331
814347
814526
815065
815304
815375
815425
816480
816653
817094
817126
818442
818589
819071
819417
819832
820021
820536
820770
821441
821687
821711
821745
822039
822050
822664
822674
822727
822825
822924
822973
823063
823080
823093
823180
823585
823646
823671
824131
824353
824785
825069
825082
825323
825802
825991
825993
827120
827151
827927
828059
828119
828844
829105
829459
831296
831968
832679
832751
833247
833403
833998
834132
834141
834165
834243
834687
836301
836426
837022
837059
837349
837816
838328
838342
841840
842512
842748
842899
845148
845469
846279
846511
847269
848005
848538
848759
848823
849119
849931
850109
850365
850844
851553
852262
852545
853629
854011
854604
855138
855428
856589
857750
857848
857860
858111
858549
858596
858623
858753
859700
860286
861404
861564
862303
862445
862786
865237
866125
867150
867169
867353
868544
869377
869657
870324
871227
871371
871462
872009
872105
873059
873524
873604
874406
874737
875895
876638
876688
877272
877385
877439
877458
877948
878620
878884
879105
879205
879299
880135
880436
880832
881105
881307
882405
882469
882571
882703
883040
883198
883241
883310
883486
883673
883725
884131
884431
884915
884945
884975
885038
885059
885421
885632
885864
885951
886047
886183
886344
887237
887242
887253
887262
888350
888356
888707
888983
889160
889218
889954
890072
890675
891184
891249
893146
893671
893709
893838
893990
894958
895403
895805
896364
896534
897000
897207
897854
898009
898081
899589
901221
901234
901392
902050
902226
902679
902965
904698
904816
905255
905327
905834
906835
906941
908880
909459
909544
909596
909681
909694
910404
910745
911664
911837
912011
912141
912316
912674
912725
913599
913661
913823
913896
914027
914099
914200
914710
914967
915797
915910
917819
917946
919968
920087
920097
920358
921060
921523
922376
922538
922958
923104
923271
923557
923699
924212
924262
924942
925129
925940
926292
926468
926588
927602
928591
928809
929533
929739
930308
930552
930674
931915
932885
933984
935107
935352
935394
935728
936519
936594
938695
938990
940414
940781
941142
941813
942831
943332
944597
944706
945346
945643
945690
946171
947071
947492
947497
947535
948116
948177
949230
949381
949688
950447
951901
952228
953624
954507
955679
955919
956052
956332
956886
958420
958625
958727
959252
960248
961072
961281
961325
961772
962055
962080
962319
962460
962852
963054
963429
965462
965501
965515
965538
965592
965657
965924
966054
966059
966359
966493
966518
967183
967625
967947
968525
968949
969086
969336
969626
969635
969749
970190
970588
971104
971418
972382
972963
972982
973479
973529
973581
973930
974674
975365
976068
976327
977154
977185
977234
977361
977782
977970
978468
978489
978945
979519
979930
980208
980306
980816
980854
981212
982209
982230
982456
982606
982630
983121
983561
984381
984602
985215
985881
986353
986390
986989
987345
987752
987995
988212
988598
988648
989196
989653
989711
990143
990361
990417
990432
990705
990830
991484
992325
993111
993306
993348
993663
993935
993974
995114
995887
995968
995988
996037
996506
996750
997266
997480
997486
998371
998629
999291
999624
999859
1000726
1000794
1001311
1002848
1003455
1003565
1003911
1004005
1004115
1004657
1004740
1005043
1005464
1005475
1006210
1006329
1006431
1007450
1007455
1009887
1010386
1010734
1011089
1011804
1012197
1012250
1013424
1013480
1013937
1014497
1014666
1015243
1015496
1015952
1017150
1018441
1018681
1019879
1019886
1019894
1019905
1020171
1020666
1020802
1021250
1021654
1021753
1021755
1021764
1022211
1022287
1022314
1022322
1022761
1023093
1023520
1023543
1023831
1024252
1024570
1024664
1024823
1025314
1025326
1025755
1026684
1027715
1028261
1029556
1030941
1031014
1032572
1034562
1034802
1035313
1036880
1036915
1037104
1037745
1038127
1038376
1038678
1039191
1039328
1039566
1039689
1040453
1040819
1042020
1042132
1042458
1042578
1042742
1043021
1043075
1043522
1043645
1044044
1044980
1045523
1046934
1046986
1047196
1047238
1047334
1047342
1047363
1048526
1049646
1050138
1050243
1051049
1052180
1052351
1052474
1053052
1053295
1053358
1053477
1053899
1054009
1054032
1055192
1055816
1056223
1056509
1057171
1057217
1057466
1058256
1058724
1058898
1059939
1059978
1060071
1060472
1060768
1062677
1063002
1063219
1063482
1063728
1064380
1064867
1065678
1066402
1066870
1067980
1068126
1070520
1070777
1070926
1071187
1071529
1071549
1072031
1072793
1072981
1073014
1073647
1074198
1074221
1074864
1075014
1075181
1076527
1076956
1077798
1078029
1078160
1078588
1078799
1080036
1080360
1082419
1083195
1083437
1083794
1084558
1084725
1084741
1085256
1085313
1085612
1085792
1085867
1087498
1088774
1088840
1089196
1089762
1090280
1090996
1091038
1091317
1092247
1092282
1092665
1092879
1094022
1095250
1095345
1095727
1095953
1096268
1096965
1098089
1098264
1099792
1099951
1100480
1100963
1100988
1101555
1104392
1104402
1105270
1106177
1107906
1108160
1108186
1108623
1108629
1108681
1109298
1109815
1109829
1110603
1111060
1111244
1111268
1112115
1112903
1114709
1114877
1115364
1115678
1116250
1116277
1117808
1118411
1120169
1120453
1120684
1120733
1120991
1121142
1122308
1122586
1123015
1123857
1123908
1125025
1125789
1125850
1130927
1131741
1132429
1132976
1133559
1134357
1135452
1135877
1136851
1136954
1137080
1138885
1139319
1139513
1139669
1139912
1141551
1142366
1142412
1142638
1143058
1143238
1143346
1143556
1143969
1145973
1146089
1149278
1150774
1151189
1151648
1152336
1152479
1152750
1153529
1154557
1154594
1155737
1155910
1155956
1157197
1158633
1159001
1159052
1159377
1159768
1160007
1162516
1162595
1163183
1163207
1163415
1163557
1164313
1164528
1165372
1165442
1165653
1166544
1166843
1166863
1166950
1167443
1167699
1167969
1168100
1168564
1169394
1169404
1169413
1169826
1169997
1172264
1172801
1173362
1174674
1174813
1175207
1175463
1175687
1178894
1179277
1179735
1181172
1181196
1181907
1184153
1184230
1184248
1184890
1185085
1185894
1186164
1187432
1187544
1188510
1189105
1189749
1189975
1190735
1191551
1191561
1192194
1192774
1192838
1192917
1194206
1194718
1195910
1196042
1196992
1197104
1197199
1198508
1199111
1199251
1199262
1199406
1199666
1199992
1200114
1201313
1201773
1201843
1201911
1202806
1203374
1203554
1204429
1204818
1206340
1206707
1206730
1207729
1208210
1208726
1209083
1209298
1209370
1209570
1209740
1209851
1210183
1210286
1210520
1210531
1211074
1211296
1212218
1212540
1213167
1214487
1215447
1215991
1216174
1216621
1218068
1219372
1219454
1219598
1219660
1220282
1220758
1221244
1222206
1222328
1222680
1222976
1223738
1223939
1224124
1224191
1225781
1226405
1226669
1226739
1226838
1226981
1227261
1228064
1228630
1230582
1231550
1232272
1233061
1233071
1234292
1234479
1234620
1235159
1236805
1237358
1238681
1240495
1241041
1241408
1242241
1242491
1242687
1243025
1243605
1244060
1244366
1244799
1245614
1245784
1246065
1247240
1247439
1247627
1248207
1248557
1248701
1248897
1249124
1249396
1249859
1249886
1251340
1251468
1252531
1252594
1254069
1254313
1254843
1255031
1256342
1257069
1257124
1257834
1258245
1258471
1258904
1262283
1262483
1262683
1262697
1262768
1263376
1263686
1264179
1264347
1264701
1264942
1265710
1265735
1265877
1267097
1267179
1268014
1268663